1961  317
1962  318
1963  318
1964  319
1965  320
1966  321
1967  322
1968  323
1969  324
1970  325
1971  326
1972  327
1973  329
1974  330
1975  331
1976  332
1977  333
1978  335
1979  337
1980  338
1981  340
1982  341
1983  342
1984  344
1985  345
1986  347
1987  349
1988  351
1989  352
1990  354
1991  355
1992  356
1993  357
1994  358
1995  360
1996  361
1997  363
1998  365
1999  367
2000  369
2001  370
2002  373
2003  375
2004  377
2005  379
2006  381
2007  383
2008  385
2009  387
2010  389
2011  392
2012  394
2013  396
2014  398
2015  401
2016  403
2017  405
2018  408
2019  410
2020  412